values amount = 99
46
72
739
105
774
529
283
563
567
469
110
150
86
32
366
496
600
747
32
641
396
209
707
158
297
387
626
321
523
700
652
131
376
343
274
717
72
704
240
299
708
616
127
738
78
669
746
516
258
473
752
449
667
762
42
64
728
146
334
783
321
640
595
247
293
511
245
147
69
253
251
610
695
334
375
155
611
706
398
353
434
628
89
759
361
645
171
181
336
713
149
444
631
128
742
743
123
487
534
